Численное решение:
    6.98964404633680
   6.18195164988704
   5.60502860846693
   5.15908146993263
   4.79421561272885
   4.48599555528864
   4.21887149523308
   3.98333413473307
   3.77259019234565
   3.58198197681329
   3.40794838493523
   3.24786891617958
   3.09964718288577
   2.96166484255024
   2.83258459299544
   2.71133718775991
   2.59701820404758
   2.48888485060872
   2.38629679595991
   2.28871724740082
   2.19567628471217
   2.10677317778896
   2.02165318089313
   1.94000944456078
   1.86156742257828
   1.78608698532578
   1.71335129259352
   1.64316873942054
   1.57536525527203
   1.50978564649395
   1.44628792953755
   1.38474466138971
   1.32503850662874
   1.26706342003280
   1.21072143407095
   1.15592345530611
   1.10258675560968
   1.05063577006828
   1.00000000000000

Аналитическое:
    6.99146454710798
   6.18053433089165
   5.60517018598809
   5.15888308335967
   4.79423996977176
   4.48593861011725
   4.21887582486820
   3.98330975355543
   3.77258872223978
   3.58196836263113
   3.40794560865187
   3.24786019330480
   3.09964424899736
   2.96165850602345
   2.83258146374831
   2.71133222011544
   2.59701539243554
   2.48888094989499
   2.38629436111989
   2.28871403278103
   2.19567400151124
   2.10677047636957
   2.02165124753198
   1.94000725849147
   1.86156583218491
   1.78608517621921
   1.71334988787747
   1.64316724825493
   1.57536414490356
   1.50978449925758
   1.44628710262842
   1.38474378529491
   1.32503785899555
   1.26706278524905
   1.21072103131565
   1.15592308293942
   1.10258658877510
   1.05063561596858
   1.00000000000000

Погрешность:
	0.00232105513551838