206 9
0 1 2 207 208 209 414 415 416
2 3 4 209 210 211 416 417 418
4 5 6 211 212 213 418 419 420
6 7 8 213 214 215 420 421 422
8 9 10 215 216 217 422 423 424
10 11 12 217 218 219 424 425 426
12 13 14 219 220 221 426 427 428
14 15 16 221 222 223 428 429 430
16 17 18 223 224 225 430 431 432
18 19 20 225 226 227 432 433 434
20 21 22 227 228 229 434 435 436
22 23 24 229 230 231 436 437 438
24 25 26 231 232 233 438 439 440
26 27 28 233 234 235 440 441 442
28 29 30 235 236 237 442 443 444
30 31 32 237 238 239 444 445 446
32 33 34 239 240 241 446 447 448
34 35 36 241 242 243 448 449 450
36 37 38 243 244 245 450 451 452
38 39 40 245 246 247 452 453 454
40 41 42 247 248 249 454 455 456
42 43 44 249 250 251 456 457 458
44 45 46 251 252 253 458 459 460
46 47 48 253 254 255 460 461 462
48 49 50 255 256 257 462 463 464
50 51 52 257 258 259 464 465 466
52 53 54 259 260 261 466 467 468
54 55 56 261 262 263 468 469 470
56 57 58 263 264 265 470 471 472
58 59 60 265 266 267 472 473 474
60 61 62 267 268 269 474 475 476
62 63 64 269 270 271 476 477 478
64 65 66 271 272 273 478 479 480
66 67 68 273 274 275 480 481 482
68 69 70 275 276 277 482 483 484
70 71 72 277 278 279 484 485 486
72 73 74 279 280 281 486 487 488
74 75 76 281 282 283 488 489 490
76 77 78 283 284 285 490 491 492
78 79 80 285 286 287 492 493 494
80 81 82 287 288 289 494 495 496
82 83 84 289 290 291 496 497 498
84 85 86 291 292 293 498 499 500
86 87 88 293 294 295 500 501 502
88 89 90 295 296 297 502 503 504
90 91 92 297 298 299 504 505 506
92 93 94 299 300 301 506 507 508
94 95 96 301 302 303 508 509 510
96 97 98 303 304 305 510 511 512
98 99 100 305 306 307 512 513 514
100 101 102 307 308 309 514 515 516
102 103 104 309 310 311 516 517 518
104 105 106 311 312 313 518 519 520
106 107 108 313 314 315 520 521 522
108 109 110 315 316 317 522 523 524
110 111 112 317 318 319 524 525 526
112 113 114 319 320 321 526 527 528
114 115 116 321 322 323 528 529 530
116 117 118 323 324 325 530 531 532
118 119 120 325 326 327 532 533 534
120 121 122 327 328 329 534 535 536
122 123 124 329 330 331 536 537 538
124 125 126 331 332 333 538 539 540
126 127 128 333 334 335 540 541 542
128 129 130 335 336 337 542 543 544
130 131 132 337 338 339 544 545 546
132 133 134 339 340 341 546 547 548
134 135 136 341 342 343 548 549 550
136 137 138 343 344 345 550 551 552
138 139 140 345 346 347 552 553 554
140 141 142 347 348 349 554 555 556
142 143 144 349 350 351 556 557 558
144 145 146 351 352 353 558 559 560
146 147 148 353 354 355 560 561 562
148 149 150 355 356 357 562 563 564
150 151 152 357 358 359 564 565 566
152 153 154 359 360 361 566 567 568
154 155 156 361 362 363 568 569 570
156 157 158 363 364 365 570 571 572
158 159 160 365 366 367 572 573 574
160 161 162 367 368 369 574 575 576
162 163 164 369 370 371 576 577 578
164 165 166 371 372 373 578 579 580
166 167 168 373 374 375 580 581 582
168 169 170 375 376 377 582 583 584
170 171 172 377 378 379 584 585 586
172 173 174 379 380 381 586 587 588
174 175 176 381 382 383 588 589 590
176 177 178 383 384 385 590 591 592
178 179 180 385 386 387 592 593 594
180 181 182 387 388 389 594 595 596
182 183 184 389 390 391 596 597 598
184 185 186 391 392 393 598 599 600
186 187 188 393 394 395 600 601 602
188 189 190 395 396 397 602 603 604
190 191 192 397 398 399 604 605 606
192 193 194 399 400 401 606 607 608
194 195 196 401 402 403 608 609 610
196 197 198 403 404 405 610 611 612
198 199 200 405 406 407 612 613 614
200 201 202 407 408 409 614 615 616
202 203 204 409 410 411 616 617 618
204 205 206 411 412 413 618 619 620
414 415 416 621 622 623 828 829 830
416 417 418 623 624 625 830 831 832
418 419 420 625 626 627 832 833 834
420 421 422 627 628 629 834 835 836
422 423 424 629 630 631 836 837 838
424 425 426 631 632 633 838 839 840
426 427 428 633 634 635 840 841 842
428 429 430 635 636 637 842 843 844
430 431 432 637 638 639 844 845 846
432 433 434 639 640 641 846 847 848
434 435 436 641 642 643 848 849 850
436 437 438 643 644 645 850 851 852
438 439 440 645 646 647 852 853 854
440 441 442 647 648 649 854 855 856
442 443 444 649 650 651 856 857 858
444 445 446 651 652 653 858 859 860
446 447 448 653 654 655 860 861 862
448 449 450 655 656 657 862 863 864
450 451 452 657 658 659 864 865 866
452 453 454 659 660 661 866 867 868
454 455 456 661 662 663 868 869 870
456 457 458 663 664 665 870 871 872
458 459 460 665 666 667 872 873 874
460 461 462 667 668 669 874 875 876
462 463 464 669 670 671 876 877 878
464 465 466 671 672 673 878 879 880
466 467 468 673 674 675 880 881 882
468 469 470 675 676 677 882 883 884
470 471 472 677 678 679 884 885 886
472 473 474 679 680 681 886 887 888
474 475 476 681 682 683 888 889 890
476 477 478 683 684 685 890 891 892
478 479 480 685 686 687 892 893 894
480 481 482 687 688 689 894 895 896
482 483 484 689 690 691 896 897 898
484 485 486 691 692 693 898 899 900
486 487 488 693 694 695 900 901 902
488 489 490 695 696 697 902 903 904
490 491 492 697 698 699 904 905 906
492 493 494 699 700 701 906 907 908
494 495 496 701 702 703 908 909 910
496 497 498 703 704 705 910 911 912
498 499 500 705 706 707 912 913 914
500 501 502 707 708 709 914 915 916
502 503 504 709 710 711 916 917 918
504 505 506 711 712 713 918 919 920
506 507 508 713 714 715 920 921 922
508 509 510 715 716 717 922 923 924
510 511 512 717 718 719 924 925 926
512 513 514 719 720 721 926 927 928
514 515 516 721 722 723 928 929 930
516 517 518 723 724 725 930 931 932
518 519 520 725 726 727 932 933 934
520 521 522 727 728 729 934 935 936
522 523 524 729 730 731 936 937 938
524 525 526 731 732 733 938 939 940
526 527 528 733 734 735 940 941 942
528 529 530 735 736 737 942 943 944
530 531 532 737 738 739 944 945 946
532 533 534 739 740 741 946 947 948
534 535 536 741 742 743 948 949 950
536 537 538 743 744 745 950 951 952
538 539 540 745 746 747 952 953 954
540 541 542 747 748 749 954 955 956
542 543 544 749 750 751 956 957 958
544 545 546 751 752 753 958 959 960
546 547 548 753 754 755 960 961 962
548 549 550 755 756 757 962 963 964
550 551 552 757 758 759 964 965 966
552 553 554 759 760 761 966 967 968
554 555 556 761 762 763 968 969 970
556 557 558 763 764 765 970 971 972
558 559 560 765 766 767 972 973 974
560 561 562 767 768 769 974 975 976
562 563 564 769 770 771 976 977 978
564 565 566 771 772 773 978 979 980
566 567 568 773 774 775 980 981 982
568 569 570 775 776 777 982 983 984
570 571 572 777 778 779 984 985 986
572 573 574 779 780 781 986 987 988
574 575 576 781 782 783 988 989 990
576 577 578 783 784 785 990 991 992
578 579 580 785 786 787 992 993 994
580 581 582 787 788 789 994 995 996
582 583 584 789 790 791 996 997 998
584 585 586 791 792 793 998 999 1000
586 587 588 793 794 795 1000 1001 1002
588 589 590 795 796 797 1002 1003 1004
590 591 592 797 798 799 1004 1005 1006
592 593 594 799 800 801 1006 1007 1008
594 595 596 801 802 803 1008 1009 1010
596 597 598 803 804 805 1010 1011 1012
598 599 600 805 806 807 1012 1013 1014
600 601 602 807 808 809 1014 1015 1016
602 603 604 809 810 811 1016 1017 1018
604 605 606 811 812 813 1018 1019 1020
606 607 608 813 814 815 1020 1021 1022
608 609 610 815 816 817 1022 1023 1024
610 611 612 817 818 819 1024 1025 1026
612 613 614 819 820 821 1026 1027 1028
614 615 616 821 822 823 1028 1029 1030
616 617 618 823 824 825 1030 1031 1032
618 619 620 825 826 827 1032 1033 1034
