1920 4
0 1 241 242
1 2 242 243
2 3 243 244
3 4 244 245
4 5 245 246
5 6 246 247
6 7 247 248
7 8 248 249
8 9 249 250
9 10 250 251
10 11 251 252
11 12 252 253
12 13 253 254
13 14 254 255
14 15 255 256
15 16 256 257
16 17 257 258
17 18 258 259
18 19 259 260
19 20 260 261
20 21 261 262
21 22 262 263
22 23 263 264
23 24 264 265
24 25 265 266
25 26 266 267
26 27 267 268
27 28 268 269
28 29 269 270
29 30 270 271
30 31 271 272
31 32 272 273
32 33 273 274
33 34 274 275
34 35 275 276
35 36 276 277
36 37 277 278
37 38 278 279
38 39 279 280
39 40 280 281
40 41 281 282
41 42 282 283
42 43 283 284
43 44 284 285
44 45 285 286
45 46 286 287
46 47 287 288
47 48 288 289
48 49 289 290
49 50 290 291
50 51 291 292
51 52 292 293
52 53 293 294
53 54 294 295
54 55 295 296
55 56 296 297
56 57 297 298
57 58 298 299
58 59 299 300
59 60 300 301
60 61 301 302
61 62 302 303
62 63 303 304
63 64 304 305
64 65 305 306
65 66 306 307
66 67 307 308
67 68 308 309
68 69 309 310
69 70 310 311
70 71 311 312
71 72 312 313
72 73 313 314
73 74 314 315
74 75 315 316
75 76 316 317
76 77 317 318
77 78 318 319
78 79 319 320
79 80 320 321
80 81 321 322
81 82 322 323
82 83 323 324
83 84 324 325
84 85 325 326
85 86 326 327
86 87 327 328
87 88 328 329
88 89 329 330
89 90 330 331
90 91 331 332
91 92 332 333
92 93 333 334
93 94 334 335
94 95 335 336
95 96 336 337
96 97 337 338
97 98 338 339
98 99 339 340
99 100 340 341
100 101 341 342
101 102 342 343
102 103 343 344
103 104 344 345
104 105 345 346
105 106 346 347
106 107 347 348
107 108 348 349
108 109 349 350
109 110 350 351
110 111 351 352
111 112 352 353
112 113 353 354
113 114 354 355
114 115 355 356
115 116 356 357
116 117 357 358
117 118 358 359
118 119 359 360
119 120 360 361
120 121 361 362
121 122 362 363
122 123 363 364
123 124 364 365
124 125 365 366
125 126 366 367
126 127 367 368
127 128 368 369
128 129 369 370
129 130 370 371
130 131 371 372
131 132 372 373
132 133 373 374
133 134 374 375
134 135 375 376
135 136 376 377
136 137 377 378
137 138 378 379
138 139 379 380
139 140 380 381
140 141 381 382
141 142 382 383
142 143 383 384
143 144 384 385
144 145 385 386
145 146 386 387
146 147 387 388
147 148 388 389
148 149 389 390
149 150 390 391
150 151 391 392
151 152 392 393
152 153 393 394
153 154 394 395
154 155 395 396
155 156 396 397
156 157 397 398
157 158 398 399
158 159 399 400
159 160 400 401
160 161 401 402
161 162 402 403
162 163 403 404
163 164 404 405
164 165 405 406
165 166 406 407
166 167 407 408
167 168 408 409
168 169 409 410
169 170 410 411
170 171 411 412
171 172 412 413
172 173 413 414
173 174 414 415
174 175 415 416
175 176 416 417
176 177 417 418
177 178 418 419
178 179 419 420
179 180 420 421
180 181 421 422
181 182 422 423
182 183 423 424
183 184 424 425
184 185 425 426
185 186 426 427
186 187 427 428
187 188 428 429
188 189 429 430
189 190 430 431
190 191 431 432
191 192 432 433
192 193 433 434
193 194 434 435
194 195 435 436
195 196 436 437
196 197 437 438
197 198 438 439
198 199 439 440
199 200 440 441
200 201 441 442
201 202 442 443
202 203 443 444
203 204 444 445
204 205 445 446
205 206 446 447
206 207 447 448
207 208 448 449
208 209 449 450
209 210 450 451
210 211 451 452
211 212 452 453
212 213 453 454
213 214 454 455
214 215 455 456
215 216 456 457
216 217 457 458
217 218 458 459
218 219 459 460
219 220 460 461
220 221 461 462
221 222 462 463
222 223 463 464
223 224 464 465
224 225 465 466
225 226 466 467
226 227 467 468
227 228 468 469
228 229 469 470
229 230 470 471
230 231 471 472
231 232 472 473
232 233 473 474
233 234 474 475
234 235 475 476
235 236 476 477
236 237 477 478
237 238 478 479
238 239 479 480
239 240 480 481
241 242 482 483
242 243 483 484
243 244 484 485
244 245 485 486
245 246 486 487
246 247 487 488
247 248 488 489
248 249 489 490
249 250 490 491
250 251 491 492
251 252 492 493
252 253 493 494
253 254 494 495
254 255 495 496
255 256 496 497
256 257 497 498
257 258 498 499
258 259 499 500
259 260 500 501
260 261 501 502
261 262 502 503
262 263 503 504
263 264 504 505
264 265 505 506
265 266 506 507
266 267 507 508
267 268 508 509
268 269 509 510
269 270 510 511
270 271 511 512
271 272 512 513
272 273 513 514
273 274 514 515
274 275 515 516
275 276 516 517
276 277 517 518
277 278 518 519
278 279 519 520
279 280 520 521
280 281 521 522
281 282 522 523
282 283 523 524
283 284 524 525
284 285 525 526
285 286 526 527
286 287 527 528
287 288 528 529
288 289 529 530
289 290 530 531
290 291 531 532
291 292 532 533
292 293 533 534
293 294 534 535
294 295 535 536
295 296 536 537
296 297 537 538
297 298 538 539
298 299 539 540
299 300 540 541
300 301 541 542
301 302 542 543
302 303 543 544
303 304 544 545
304 305 545 546
305 306 546 547
306 307 547 548
307 308 548 549
308 309 549 550
309 310 550 551
310 311 551 552
311 312 552 553
312 313 553 554
313 314 554 555
314 315 555 556
315 316 556 557
316 317 557 558
317 318 558 559
318 319 559 560
319 320 560 561
320 321 561 562
321 322 562 563
322 323 563 564
323 324 564 565
324 325 565 566
325 326 566 567
326 327 567 568
327 328 568 569
328 329 569 570
329 330 570 571
330 331 571 572
331 332 572 573
332 333 573 574
333 334 574 575
334 335 575 576
335 336 576 577
336 337 577 578
337 338 578 579
338 339 579 580
339 340 580 581
340 341 581 582
341 342 582 583
342 343 583 584
343 344 584 585
344 345 585 586
345 346 586 587
346 347 587 588
347 348 588 589
348 349 589 590
349 350 590 591
350 351 591 592
351 352 592 593
352 353 593 594
353 354 594 595
354 355 595 596
355 356 596 597
356 357 597 598
357 358 598 599
358 359 599 600
359 360 600 601
360 361 601 602
361 362 602 603
362 363 603 604
363 364 604 605
364 365 605 606
365 366 606 607
366 367 607 608
367 368 608 609
368 369 609 610
369 370 610 611
370 371 611 612
371 372 612 613
372 373 613 614
373 374 614 615
374 375 615 616
375 376 616 617
376 377 617 618
377 378 618 619
378 379 619 620
379 380 620 621
380 381 621 622
381 382 622 623
382 383 623 624
383 384 624 625
384 385 625 626
385 386 626 627
386 387 627 628
387 388 628 629
388 389 629 630
389 390 630 631
390 391 631 632
391 392 632 633
392 393 633 634
393 394 634 635
394 395 635 636
395 396 636 637
396 397 637 638
397 398 638 639
398 399 639 640
399 400 640 641
400 401 641 642
401 402 642 643
402 403 643 644
403 404 644 645
404 405 645 646
405 406 646 647
406 407 647 648
407 408 648 649
408 409 649 650
409 410 650 651
410 411 651 652
411 412 652 653
412 413 653 654
413 414 654 655
414 415 655 656
415 416 656 657
416 417 657 658
417 418 658 659
418 419 659 660
419 420 660 661
420 421 661 662
421 422 662 663
422 423 663 664
423 424 664 665
424 425 665 666
425 426 666 667
426 427 667 668
427 428 668 669
428 429 669 670
429 430 670 671
430 431 671 672
431 432 672 673
432 433 673 674
433 434 674 675
434 435 675 676
435 436 676 677
436 437 677 678
437 438 678 679
438 439 679 680
439 440 680 681
440 441 681 682
441 442 682 683
442 443 683 684
443 444 684 685
444 445 685 686
445 446 686 687
446 447 687 688
447 448 688 689
448 449 689 690
449 450 690 691
450 451 691 692
451 452 692 693
452 453 693 694
453 454 694 695
454 455 695 696
455 456 696 697
456 457 697 698
457 458 698 699
458 459 699 700
459 460 700 701
460 461 701 702
461 462 702 703
462 463 703 704
463 464 704 705
464 465 705 706
465 466 706 707
466 467 707 708
467 468 708 709
468 469 709 710
469 470 710 711
470 471 711 712
471 472 712 713
472 473 713 714
473 474 714 715
474 475 715 716
475 476 716 717
476 477 717 718
477 478 718 719
478 479 719 720
479 480 720 721
480 481 721 722
482 483 723 724
483 484 724 725
484 485 725 726
485 486 726 727
486 487 727 728
487 488 728 729
488 489 729 730
489 490 730 731
490 491 731 732
491 492 732 733
492 493 733 734
493 494 734 735
494 495 735 736
495 496 736 737
496 497 737 738
497 498 738 739
498 499 739 740
499 500 740 741
500 501 741 742
501 502 742 743
502 503 743 744
503 504 744 745
504 505 745 746
505 506 746 747
506 507 747 748
507 508 748 749
508 509 749 750
509 510 750 751
510 511 751 752
511 512 752 753
512 513 753 754
513 514 754 755
514 515 755 756
515 516 756 757
516 517 757 758
517 518 758 759
518 519 759 760
519 520 760 761
520 521 761 762
521 522 762 763
522 523 763 764
523 524 764 765
524 525 765 766
525 526 766 767
526 527 767 768
527 528 768 769
528 529 769 770
529 530 770 771
530 531 771 772
531 532 772 773
532 533 773 774
533 534 774 775
534 535 775 776
535 536 776 777
536 537 777 778
537 538 778 779
538 539 779 780
539 540 780 781
540 541 781 782
541 542 782 783
542 543 783 784
543 544 784 785
544 545 785 786
545 546 786 787
546 547 787 788
547 548 788 789
548 549 789 790
549 550 790 791
550 551 791 792
551 552 792 793
552 553 793 794
553 554 794 795
554 555 795 796
555 556 796 797
556 557 797 798
557 558 798 799
558 559 799 800
559 560 800 801
560 561 801 802
561 562 802 803
562 563 803 804
563 564 804 805
564 565 805 806
565 566 806 807
566 567 807 808
567 568 808 809
568 569 809 810
569 570 810 811
570 571 811 812
571 572 812 813
572 573 813 814
573 574 814 815
574 575 815 816
575 576 816 817
576 577 817 818
577 578 818 819
578 579 819 820
579 580 820 821
580 581 821 822
581 582 822 823
582 583 823 824
583 584 824 825
584 585 825 826
585 586 826 827
586 587 827 828
587 588 828 829
588 589 829 830
589 590 830 831
590 591 831 832
591 592 832 833
592 593 833 834
593 594 834 835
594 595 835 836
595 596 836 837
596 597 837 838
597 598 838 839
598 599 839 840
599 600 840 841
600 601 841 842
601 602 842 843
602 603 843 844
603 604 844 845
604 605 845 846
605 606 846 847
606 607 847 848
607 608 848 849
608 609 849 850
609 610 850 851
610 611 851 852
611 612 852 853
612 613 853 854
613 614 854 855
614 615 855 856
615 616 856 857
616 617 857 858
617 618 858 859
618 619 859 860
619 620 860 861
620 621 861 862
621 622 862 863
622 623 863 864
623 624 864 865
624 625 865 866
625 626 866 867
626 627 867 868
627 628 868 869
628 629 869 870
629 630 870 871
630 631 871 872
631 632 872 873
632 633 873 874
633 634 874 875
634 635 875 876
635 636 876 877
636 637 877 878
637 638 878 879
638 639 879 880
639 640 880 881
640 641 881 882
641 642 882 883
642 643 883 884
643 644 884 885
644 645 885 886
645 646 886 887
646 647 887 888
647 648 888 889
648 649 889 890
649 650 890 891
650 651 891 892
651 652 892 893
652 653 893 894
653 654 894 895
654 655 895 896
655 656 896 897
656 657 897 898
657 658 898 899
658 659 899 900
659 660 900 901
660 661 901 902
661 662 902 903
662 663 903 904
663 664 904 905
664 665 905 906
665 666 906 907
666 667 907 908
667 668 908 909
668 669 909 910
669 670 910 911
670 671 911 912
671 672 912 913
672 673 913 914
673 674 914 915
674 675 915 916
675 676 916 917
676 677 917 918
677 678 918 919
678 679 919 920
679 680 920 921
680 681 921 922
681 682 922 923
682 683 923 924
683 684 924 925
684 685 925 926
685 686 926 927
686 687 927 928
687 688 928 929
688 689 929 930
689 690 930 931
690 691 931 932
691 692 932 933
692 693 933 934
693 694 934 935
694 695 935 936
695 696 936 937
696 697 937 938
697 698 938 939
698 699 939 940
699 700 940 941
700 701 941 942
701 702 942 943
702 703 943 944
703 704 944 945
704 705 945 946
705 706 946 947
706 707 947 948
707 708 948 949
708 709 949 950
709 710 950 951
710 711 951 952
711 712 952 953
712 713 953 954
713 714 954 955
714 715 955 956
715 716 956 957
716 717 957 958
717 718 958 959
718 719 959 960
719 720 960 961
720 721 961 962
721 722 962 963
723 724 964 965
724 725 965 966
725 726 966 967
726 727 967 968
727 728 968 969
728 729 969 970
729 730 970 971
730 731 971 972
731 732 972 973
732 733 973 974
733 734 974 975
734 735 975 976
735 736 976 977
736 737 977 978
737 738 978 979
738 739 979 980
739 740 980 981
740 741 981 982
741 742 982 983
742 743 983 984
743 744 984 985
744 745 985 986
745 746 986 987
746 747 987 988
747 748 988 989
748 749 989 990
749 750 990 991
750 751 991 992
751 752 992 993
752 753 993 994
753 754 994 995
754 755 995 996
755 756 996 997
756 757 997 998
757 758 998 999
758 759 999 1000
759 760 1000 1001
760 761 1001 1002
761 762 1002 1003
762 763 1003 1004
763 764 1004 1005
764 765 1005 1006
765 766 1006 1007
766 767 1007 1008
767 768 1008 1009
768 769 1009 1010
769 770 1010 1011
770 771 1011 1012
771 772 1012 1013
772 773 1013 1014
773 774 1014 1015
774 775 1015 1016
775 776 1016 1017
776 777 1017 1018
777 778 1018 1019
778 779 1019 1020
779 780 1020 1021
780 781 1021 1022
781 782 1022 1023
782 783 1023 1024
783 784 1024 1025
784 785 1025 1026
785 786 1026 1027
786 787 1027 1028
787 788 1028 1029
788 789 1029 1030
789 790 1030 1031
790 791 1031 1032
791 792 1032 1033
792 793 1033 1034
793 794 1034 1035
794 795 1035 1036
795 796 1036 1037
796 797 1037 1038
797 798 1038 1039
798 799 1039 1040
799 800 1040 1041
800 801 1041 1042
801 802 1042 1043
802 803 1043 1044
803 804 1044 1045
804 805 1045 1046
805 806 1046 1047
806 807 1047 1048
807 808 1048 1049
808 809 1049 1050
809 810 1050 1051
810 811 1051 1052
811 812 1052 1053
812 813 1053 1054
813 814 1054 1055
814 815 1055 1056
815 816 1056 1057
816 817 1057 1058
817 818 1058 1059
818 819 1059 1060
819 820 1060 1061
820 821 1061 1062
821 822 1062 1063
822 823 1063 1064
823 824 1064 1065
824 825 1065 1066
825 826 1066 1067
826 827 1067 1068
827 828 1068 1069
828 829 1069 1070
829 830 1070 1071
830 831 1071 1072
831 832 1072 1073
832 833 1073 1074
833 834 1074 1075
834 835 1075 1076
835 836 1076 1077
836 837 1077 1078
837 838 1078 1079
838 839 1079 1080
839 840 1080 1081
840 841 1081 1082
841 842 1082 1083
842 843 1083 1084
843 844 1084 1085
844 845 1085 1086
845 846 1086 1087
846 847 1087 1088
847 848 1088 1089
848 849 1089 1090
849 850 1090 1091
850 851 1091 1092
851 852 1092 1093
852 853 1093 1094
853 854 1094 1095
854 855 1095 1096
855 856 1096 1097
856 857 1097 1098
857 858 1098 1099
858 859 1099 1100
859 860 1100 1101
860 861 1101 1102
861 862 1102 1103
862 863 1103 1104
863 864 1104 1105
864 865 1105 1106
865 866 1106 1107
866 867 1107 1108
867 868 1108 1109
868 869 1109 1110
869 870 1110 1111
870 871 1111 1112
871 872 1112 1113
872 873 1113 1114
873 874 1114 1115
874 875 1115 1116
875 876 1116 1117
876 877 1117 1118
877 878 1118 1119
878 879 1119 1120
879 880 1120 1121
880 881 1121 1122
881 882 1122 1123
882 883 1123 1124
883 884 1124 1125
884 885 1125 1126
885 886 1126 1127
886 887 1127 1128
887 888 1128 1129
888 889 1129 1130
889 890 1130 1131
890 891 1131 1132
891 892 1132 1133
892 893 1133 1134
893 894 1134 1135
894 895 1135 1136
895 896 1136 1137
896 897 1137 1138
897 898 1138 1139
898 899 1139 1140
899 900 1140 1141
900 901 1141 1142
901 902 1142 1143
902 903 1143 1144
903 904 1144 1145
904 905 1145 1146
905 906 1146 1147
906 907 1147 1148
907 908 1148 1149
908 909 1149 1150
909 910 1150 1151
910 911 1151 1152
911 912 1152 1153
912 913 1153 1154
913 914 1154 1155
914 915 1155 1156
915 916 1156 1157
916 917 1157 1158
917 918 1158 1159
918 919 1159 1160
919 920 1160 1161
920 921 1161 1162
921 922 1162 1163
922 923 1163 1164
923 924 1164 1165
924 925 1165 1166
925 926 1166 1167
926 927 1167 1168
927 928 1168 1169
928 929 1169 1170
929 930 1170 1171
930 931 1171 1172
931 932 1172 1173
932 933 1173 1174
933 934 1174 1175
934 935 1175 1176
935 936 1176 1177
936 937 1177 1178
937 938 1178 1179
938 939 1179 1180
939 940 1180 1181
940 941 1181 1182
941 942 1182 1183
942 943 1183 1184
943 944 1184 1185
944 945 1185 1186
945 946 1186 1187
946 947 1187 1188
947 948 1188 1189
948 949 1189 1190
949 950 1190 1191
950 951 1191 1192
951 952 1192 1193
952 953 1193 1194
953 954 1194 1195
954 955 1195 1196
955 956 1196 1197
956 957 1197 1198
957 958 1198 1199
958 959 1199 1200
959 960 1200 1201
960 961 1201 1202
961 962 1202 1203
962 963 1203 1204
964 965 1205 1206
965 966 1206 1207
966 967 1207 1208
967 968 1208 1209
968 969 1209 1210
969 970 1210 1211
970 971 1211 1212
971 972 1212 1213
972 973 1213 1214
973 974 1214 1215
974 975 1215 1216
975 976 1216 1217
976 977 1217 1218
977 978 1218 1219
978 979 1219 1220
979 980 1220 1221
980 981 1221 1222
981 982 1222 1223
982 983 1223 1224
983 984 1224 1225
984 985 1225 1226
985 986 1226 1227
986 987 1227 1228
987 988 1228 1229
988 989 1229 1230
989 990 1230 1231
990 991 1231 1232
991 992 1232 1233
992 993 1233 1234
993 994 1234 1235
994 995 1235 1236
995 996 1236 1237
996 997 1237 1238
997 998 1238 1239
998 999 1239 1240
999 1000 1240 1241
1000 1001 1241 1242
1001 1002 1242 1243
1002 1003 1243 1244
1003 1004 1244 1245
1004 1005 1245 1246
1005 1006 1246 1247
1006 1007 1247 1248
1007 1008 1248 1249
1008 1009 1249 1250
1009 1010 1250 1251
1010 1011 1251 1252
1011 1012 1252 1253
1012 1013 1253 1254
1013 1014 1254 1255
1014 1015 1255 1256
1015 1016 1256 1257
1016 1017 1257 1258
1017 1018 1258 1259
1018 1019 1259 1260
1019 1020 1260 1261
1020 1021 1261 1262
1021 1022 1262 1263
1022 1023 1263 1264
1023 1024 1264 1265
1024 1025 1265 1266
1025 1026 1266 1267
1026 1027 1267 1268
1027 1028 1268 1269
1028 1029 1269 1270
1029 1030 1270 1271
1030 1031 1271 1272
1031 1032 1272 1273
1032 1033 1273 1274
1033 1034 1274 1275
1034 1035 1275 1276
1035 1036 1276 1277
1036 1037 1277 1278
1037 1038 1278 1279
1038 1039 1279 1280
1039 1040 1280 1281
1040 1041 1281 1282
1041 1042 1282 1283
1042 1043 1283 1284
1043 1044 1284 1285
1044 1045 1285 1286
1045 1046 1286 1287
1046 1047 1287 1288
1047 1048 1288 1289
1048 1049 1289 1290
1049 1050 1290 1291
1050 1051 1291 1292
1051 1052 1292 1293
1052 1053 1293 1294
1053 1054 1294 1295
1054 1055 1295 1296
1055 1056 1296 1297
1056 1057 1297 1298
1057 1058 1298 1299
1058 1059 1299 1300
1059 1060 1300 1301
1060 1061 1301 1302
1061 1062 1302 1303
1062 1063 1303 1304
1063 1064 1304 1305
1064 1065 1305 1306
1065 1066 1306 1307
1066 1067 1307 1308
1067 1068 1308 1309
1068 1069 1309 1310
1069 1070 1310 1311
1070 1071 1311 1312
1071 1072 1312 1313
1072 1073 1313 1314
1073 1074 1314 1315
1074 1075 1315 1316
1075 1076 1316 1317
1076 1077 1317 1318
1077 1078 1318 1319
1078 1079 1319 1320
1079 1080 1320 1321
1080 1081 1321 1322
1081 1082 1322 1323
1082 1083 1323 1324
1083 1084 1324 1325
1084 1085 1325 1326
1085 1086 1326 1327
1086 1087 1327 1328
1087 1088 1328 1329
1088 1089 1329 1330
1089 1090 1330 1331
1090 1091 1331 1332
1091 1092 1332 1333
1092 1093 1333 1334
1093 1094 1334 1335
1094 1095 1335 1336
1095 1096 1336 1337
1096 1097 1337 1338
1097 1098 1338 1339
1098 1099 1339 1340
1099 1100 1340 1341
1100 1101 1341 1342
1101 1102 1342 1343
1102 1103 1343 1344
1103 1104 1344 1345
1104 1105 1345 1346
1105 1106 1346 1347
1106 1107 1347 1348
1107 1108 1348 1349
1108 1109 1349 1350
1109 1110 1350 1351
1110 1111 1351 1352
1111 1112 1352 1353
1112 1113 1353 1354
1113 1114 1354 1355
1114 1115 1355 1356
1115 1116 1356 1357
1116 1117 1357 1358
1117 1118 1358 1359
1118 1119 1359 1360
1119 1120 1360 1361
1120 1121 1361 1362
1121 1122 1362 1363
1122 1123 1363 1364
1123 1124 1364 1365
1124 1125 1365 1366
1125 1126 1366 1367
1126 1127 1367 1368
1127 1128 1368 1369
1128 1129 1369 1370
1129 1130 1370 1371
1130 1131 1371 1372
1131 1132 1372 1373
1132 1133 1373 1374
1133 1134 1374 1375
1134 1135 1375 1376
1135 1136 1376 1377
1136 1137 1377 1378
1137 1138 1378 1379
1138 1139 1379 1380
1139 1140 1380 1381
1140 1141 1381 1382
1141 1142 1382 1383
1142 1143 1383 1384
1143 1144 1384 1385
1144 1145 1385 1386
1145 1146 1386 1387
1146 1147 1387 1388
1147 1148 1388 1389
1148 1149 1389 1390
1149 1150 1390 1391
1150 1151 1391 1392
1151 1152 1392 1393
1152 1153 1393 1394
1153 1154 1394 1395
1154 1155 1395 1396
1155 1156 1396 1397
1156 1157 1397 1398
1157 1158 1398 1399
1158 1159 1399 1400
1159 1160 1400 1401
1160 1161 1401 1402
1161 1162 1402 1403
1162 1163 1403 1404
1163 1164 1404 1405
1164 1165 1405 1406
1165 1166 1406 1407
1166 1167 1407 1408
1167 1168 1408 1409
1168 1169 1409 1410
1169 1170 1410 1411
1170 1171 1411 1412
1171 1172 1412 1413
1172 1173 1413 1414
1173 1174 1414 1415
1174 1175 1415 1416
1175 1176 1416 1417
1176 1177 1417 1418
1177 1178 1418 1419
1178 1179 1419 1420
1179 1180 1420 1421
1180 1181 1421 1422
1181 1182 1422 1423
1182 1183 1423 1424
1183 1184 1424 1425
1184 1185 1425 1426
1185 1186 1426 1427
1186 1187 1427 1428
1187 1188 1428 1429
1188 1189 1429 1430
1189 1190 1430 1431
1190 1191 1431 1432
1191 1192 1432 1433
1192 1193 1433 1434
1193 1194 1434 1435
1194 1195 1435 1436
1195 1196 1436 1437
1196 1197 1437 1438
1197 1198 1438 1439
1198 1199 1439 1440
1199 1200 1440 1441
1200 1201 1441 1442
1201 1202 1442 1443
1202 1203 1443 1444
1203 1204 1444 1445
1205 1206 1446 1447
1206 1207 1447 1448
1207 1208 1448 1449
1208 1209 1449 1450
1209 1210 1450 1451
1210 1211 1451 1452
1211 1212 1452 1453
1212 1213 1453 1454
1213 1214 1454 1455
1214 1215 1455 1456
1215 1216 1456 1457
1216 1217 1457 1458
1217 1218 1458 1459
1218 1219 1459 1460
1219 1220 1460 1461
1220 1221 1461 1462
1221 1222 1462 1463
1222 1223 1463 1464
1223 1224 1464 1465
1224 1225 1465 1466
1225 1226 1466 1467
1226 1227 1467 1468
1227 1228 1468 1469
1228 1229 1469 1470
1229 1230 1470 1471
1230 1231 1471 1472
1231 1232 1472 1473
1232 1233 1473 1474
1233 1234 1474 1475
1234 1235 1475 1476
1235 1236 1476 1477
1236 1237 1477 1478
1237 1238 1478 1479
1238 1239 1479 1480
1239 1240 1480 1481
1240 1241 1481 1482
1241 1242 1482 1483
1242 1243 1483 1484
1243 1244 1484 1485
1244 1245 1485 1486
1245 1246 1486 1487
1246 1247 1487 1488
1247 1248 1488 1489
1248 1249 1489 1490
1249 1250 1490 1491
1250 1251 1491 1492
1251 1252 1492 1493
1252 1253 1493 1494
1253 1254 1494 1495
1254 1255 1495 1496
1255 1256 1496 1497
1256 1257 1497 1498
1257 1258 1498 1499
1258 1259 1499 1500
1259 1260 1500 1501
1260 1261 1501 1502
1261 1262 1502 1503
1262 1263 1503 1504
1263 1264 1504 1505
1264 1265 1505 1506
1265 1266 1506 1507
1266 1267 1507 1508
1267 1268 1508 1509
1268 1269 1509 1510
1269 1270 1510 1511
1270 1271 1511 1512
1271 1272 1512 1513
1272 1273 1513 1514
1273 1274 1514 1515
1274 1275 1515 1516
1275 1276 1516 1517
1276 1277 1517 1518
1277 1278 1518 1519
1278 1279 1519 1520
1279 1280 1520 1521
1280 1281 1521 1522
1281 1282 1522 1523
1282 1283 1523 1524
1283 1284 1524 1525
1284 1285 1525 1526
1285 1286 1526 1527
1286 1287 1527 1528
1287 1288 1528 1529
1288 1289 1529 1530
1289 1290 1530 1531
1290 1291 1531 1532
1291 1292 1532 1533
1292 1293 1533 1534
1293 1294 1534 1535
1294 1295 1535 1536
1295 1296 1536 1537
1296 1297 1537 1538
1297 1298 1538 1539
1298 1299 1539 1540
1299 1300 1540 1541
1300 1301 1541 1542
1301 1302 1542 1543
1302 1303 1543 1544
1303 1304 1544 1545
1304 1305 1545 1546
1305 1306 1546 1547
1306 1307 1547 1548
1307 1308 1548 1549
1308 1309 1549 1550
1309 1310 1550 1551
1310 1311 1551 1552
1311 1312 1552 1553
1312 1313 1553 1554
1313 1314 1554 1555
1314 1315 1555 1556
1315 1316 1556 1557
1316 1317 1557 1558
1317 1318 1558 1559
1318 1319 1559 1560
1319 1320 1560 1561
1320 1321 1561 1562
1321 1322 1562 1563
1322 1323 1563 1564
1323 1324 1564 1565
1324 1325 1565 1566
1325 1326 1566 1567
1326 1327 1567 1568
1327 1328 1568 1569
1328 1329 1569 1570
1329 1330 1570 1571
1330 1331 1571 1572
1331 1332 1572 1573
1332 1333 1573 1574
1333 1334 1574 1575
1334 1335 1575 1576
1335 1336 1576 1577
1336 1337 1577 1578
1337 1338 1578 1579
1338 1339 1579 1580
1339 1340 1580 1581
1340 1341 1581 1582
1341 1342 1582 1583
1342 1343 1583 1584
1343 1344 1584 1585
1344 1345 1585 1586
1345 1346 1586 1587
1346 1347 1587 1588
1347 1348 1588 1589
1348 1349 1589 1590
1349 1350 1590 1591
1350 1351 1591 1592
1351 1352 1592 1593
1352 1353 1593 1594
1353 1354 1594 1595
1354 1355 1595 1596
1355 1356 1596 1597
1356 1357 1597 1598
1357 1358 1598 1599
1358 1359 1599 1600
1359 1360 1600 1601
1360 1361 1601 1602
1361 1362 1602 1603
1362 1363 1603 1604
1363 1364 1604 1605
1364 1365 1605 1606
1365 1366 1606 1607
1366 1367 1607 1608
1367 1368 1608 1609
1368 1369 1609 1610
1369 1370 1610 1611
1370 1371 1611 1612
1371 1372 1612 1613
1372 1373 1613 1614
1373 1374 1614 1615
1374 1375 1615 1616
1375 1376 1616 1617
1376 1377 1617 1618
1377 1378 1618 1619
1378 1379 1619 1620
1379 1380 1620 1621
1380 1381 1621 1622
1381 1382 1622 1623
1382 1383 1623 1624
1383 1384 1624 1625
1384 1385 1625 1626
1385 1386 1626 1627
1386 1387 1627 1628
1387 1388 1628 1629
1388 1389 1629 1630
1389 1390 1630 1631
1390 1391 1631 1632
1391 1392 1632 1633
1392 1393 1633 1634
1393 1394 1634 1635
1394 1395 1635 1636
1395 1396 1636 1637
1396 1397 1637 1638
1397 1398 1638 1639
1398 1399 1639 1640
1399 1400 1640 1641
1400 1401 1641 1642
1401 1402 1642 1643
1402 1403 1643 1644
1403 1404 1644 1645
1404 1405 1645 1646
1405 1406 1646 1647
1406 1407 1647 1648
1407 1408 1648 1649
1408 1409 1649 1650
1409 1410 1650 1651
1410 1411 1651 1652
1411 1412 1652 1653
1412 1413 1653 1654
1413 1414 1654 1655
1414 1415 1655 1656
1415 1416 1656 1657
1416 1417 1657 1658
1417 1418 1658 1659
1418 1419 1659 1660
1419 1420 1660 1661
1420 1421 1661 1662
1421 1422 1662 1663
1422 1423 1663 1664
1423 1424 1664 1665
1424 1425 1665 1666
1425 1426 1666 1667
1426 1427 1667 1668
1427 1428 1668 1669
1428 1429 1669 1670
1429 1430 1670 1671
1430 1431 1671 1672
1431 1432 1672 1673
1432 1433 1673 1674
1433 1434 1674 1675
1434 1435 1675 1676
1435 1436 1676 1677
1436 1437 1677 1678
1437 1438 1678 1679
1438 1439 1679 1680
1439 1440 1680 1681
1440 1441 1681 1682
1441 1442 1682 1683
1442 1443 1683 1684
1443 1444 1684 1685
1444 1445 1685 1686
1446 1447 1687 1688
1447 1448 1688 1689
1448 1449 1689 1690
1449 1450 1690 1691
1450 1451 1691 1692
1451 1452 1692 1693
1452 1453 1693 1694
1453 1454 1694 1695
1454 1455 1695 1696
1455 1456 1696 1697
1456 1457 1697 1698
1457 1458 1698 1699
1458 1459 1699 1700
1459 1460 1700 1701
1460 1461 1701 1702
1461 1462 1702 1703
1462 1463 1703 1704
1463 1464 1704 1705
1464 1465 1705 1706
1465 1466 1706 1707
1466 1467 1707 1708
1467 1468 1708 1709
1468 1469 1709 1710
1469 1470 1710 1711
1470 1471 1711 1712
1471 1472 1712 1713
1472 1473 1713 1714
1473 1474 1714 1715
1474 1475 1715 1716
1475 1476 1716 1717
1476 1477 1717 1718
1477 1478 1718 1719
1478 1479 1719 1720
1479 1480 1720 1721
1480 1481 1721 1722
1481 1482 1722 1723
1482 1483 1723 1724
1483 1484 1724 1725
1484 1485 1725 1726
1485 1486 1726 1727
1486 1487 1727 1728
1487 1488 1728 1729
1488 1489 1729 1730
1489 1490 1730 1731
1490 1491 1731 1732
1491 1492 1732 1733
1492 1493 1733 1734
1493 1494 1734 1735
1494 1495 1735 1736
1495 1496 1736 1737
1496 1497 1737 1738
1497 1498 1738 1739
1498 1499 1739 1740
1499 1500 1740 1741
1500 1501 1741 1742
1501 1502 1742 1743
1502 1503 1743 1744
1503 1504 1744 1745
1504 1505 1745 1746
1505 1506 1746 1747
1506 1507 1747 1748
1507 1508 1748 1749
1508 1509 1749 1750
1509 1510 1750 1751
1510 1511 1751 1752
1511 1512 1752 1753
1512 1513 1753 1754
1513 1514 1754 1755
1514 1515 1755 1756
1515 1516 1756 1757
1516 1517 1757 1758
1517 1518 1758 1759
1518 1519 1759 1760
1519 1520 1760 1761
1520 1521 1761 1762
1521 1522 1762 1763
1522 1523 1763 1764
1523 1524 1764 1765
1524 1525 1765 1766
1525 1526 1766 1767
1526 1527 1767 1768
1527 1528 1768 1769
1528 1529 1769 1770
1529 1530 1770 1771
1530 1531 1771 1772
1531 1532 1772 1773
1532 1533 1773 1774
1533 1534 1774 1775
1534 1535 1775 1776
1535 1536 1776 1777
1536 1537 1777 1778
1537 1538 1778 1779
1538 1539 1779 1780
1539 1540 1780 1781
1540 1541 1781 1782
1541 1542 1782 1783
1542 1543 1783 1784
1543 1544 1784 1785
1544 1545 1785 1786
1545 1546 1786 1787
1546 1547 1787 1788
1547 1548 1788 1789
1548 1549 1789 1790
1549 1550 1790 1791
1550 1551 1791 1792
1551 1552 1792 1793
1552 1553 1793 1794
1553 1554 1794 1795
1554 1555 1795 1796
1555 1556 1796 1797
1556 1557 1797 1798
1557 1558 1798 1799
1558 1559 1799 1800
1559 1560 1800 1801
1560 1561 1801 1802
1561 1562 1802 1803
1562 1563 1803 1804
1563 1564 1804 1805
1564 1565 1805 1806
1565 1566 1806 1807
1566 1567 1807 1808
1567 1568 1808 1809
1568 1569 1809 1810
1569 1570 1810 1811
1570 1571 1811 1812
1571 1572 1812 1813
1572 1573 1813 1814
1573 1574 1814 1815
1574 1575 1815 1816
1575 1576 1816 1817
1576 1577 1817 1818
1577 1578 1818 1819
1578 1579 1819 1820
1579 1580 1820 1821
1580 1581 1821 1822
1581 1582 1822 1823
1582 1583 1823 1824
1583 1584 1824 1825
1584 1585 1825 1826
1585 1586 1826 1827
1586 1587 1827 1828
1587 1588 1828 1829
1588 1589 1829 1830
1589 1590 1830 1831
1590 1591 1831 1832
1591 1592 1832 1833
1592 1593 1833 1834
1593 1594 1834 1835
1594 1595 1835 1836
1595 1596 1836 1837
1596 1597 1837 1838
1597 1598 1838 1839
1598 1599 1839 1840
1599 1600 1840 1841
1600 1601 1841 1842
1601 1602 1842 1843
1602 1603 1843 1844
1603 1604 1844 1845
1604 1605 1845 1846
1605 1606 1846 1847
1606 1607 1847 1848
1607 1608 1848 1849
1608 1609 1849 1850
1609 1610 1850 1851
1610 1611 1851 1852
1611 1612 1852 1853
1612 1613 1853 1854
1613 1614 1854 1855
1614 1615 1855 1856
1615 1616 1856 1857
1616 1617 1857 1858
1617 1618 1858 1859
1618 1619 1859 1860
1619 1620 1860 1861
1620 1621 1861 1862
1621 1622 1862 1863
1622 1623 1863 1864
1623 1624 1864 1865
1624 1625 1865 1866
1625 1626 1866 1867
1626 1627 1867 1868
1627 1628 1868 1869
1628 1629 1869 1870
1629 1630 1870 1871
1630 1631 1871 1872
1631 1632 1872 1873
1632 1633 1873 1874
1633 1634 1874 1875
1634 1635 1875 1876
1635 1636 1876 1877
1636 1637 1877 1878
1637 1638 1878 1879
1638 1639 1879 1880
1639 1640 1880 1881
1640 1641 1881 1882
1641 1642 1882 1883
1642 1643 1883 1884
1643 1644 1884 1885
1644 1645 1885 1886
1645 1646 1886 1887
1646 1647 1887 1888
1647 1648 1888 1889
1648 1649 1889 1890
1649 1650 1890 1891
1650 1651 1891 1892
1651 1652 1892 1893
1652 1653 1893 1894
1653 1654 1894 1895
1654 1655 1895 1896
1655 1656 1896 1897
1656 1657 1897 1898
1657 1658 1898 1899
1658 1659 1899 1900
1659 1660 1900 1901
1660 1661 1901 1902
1661 1662 1902 1903
1662 1663 1903 1904
1663 1664 1904 1905
1664 1665 1905 1906
1665 1666 1906 1907
1666 1667 1907 1908
1667 1668 1908 1909
1668 1669 1909 1910
1669 1670 1910 1911
1670 1671 1911 1912
1671 1672 1912 1913
1672 1673 1913 1914
1673 1674 1914 1915
1674 1675 1915 1916
1675 1676 1916 1917
1676 1677 1917 1918
1677 1678 1918 1919
1678 1679 1919 1920
1679 1680 1920 1921
1680 1681 1921 1922
1681 1682 1922 1923
1682 1683 1923 1924
1683 1684 1924 1925
1684 1685 1925 1926
1685 1686 1926 1927
1687 1688 1928 1929
1688 1689 1929 1930
1689 1690 1930 1931
1690 1691 1931 1932
1691 1692 1932 1933
1692 1693 1933 1934
1693 1694 1934 1935
1694 1695 1935 1936
1695 1696 1936 1937
1696 1697 1937 1938
1697 1698 1938 1939
1698 1699 1939 1940
1699 1700 1940 1941
1700 1701 1941 1942
1701 1702 1942 1943
1702 1703 1943 1944
1703 1704 1944 1945
1704 1705 1945 1946
1705 1706 1946 1947
1706 1707 1947 1948
1707 1708 1948 1949
1708 1709 1949 1950
1709 1710 1950 1951
1710 1711 1951 1952
1711 1712 1952 1953
1712 1713 1953 1954
1713 1714 1954 1955
1714 1715 1955 1956
1715 1716 1956 1957
1716 1717 1957 1958
1717 1718 1958 1959
1718 1719 1959 1960
1719 1720 1960 1961
1720 1721 1961 1962
1721 1722 1962 1963
1722 1723 1963 1964
1723 1724 1964 1965
1724 1725 1965 1966
1725 1726 1966 1967
1726 1727 1967 1968
1727 1728 1968 1969
1728 1729 1969 1970
1729 1730 1970 1971
1730 1731 1971 1972
1731 1732 1972 1973
1732 1733 1973 1974
1733 1734 1974 1975
1734 1735 1975 1976
1735 1736 1976 1977
1736 1737 1977 1978
1737 1738 1978 1979
1738 1739 1979 1980
1739 1740 1980 1981
1740 1741 1981 1982
1741 1742 1982 1983
1742 1743 1983 1984
1743 1744 1984 1985
1744 1745 1985 1986
1745 1746 1986 1987
1746 1747 1987 1988
1747 1748 1988 1989
1748 1749 1989 1990
1749 1750 1990 1991
1750 1751 1991 1992
1751 1752 1992 1993
1752 1753 1993 1994
1753 1754 1994 1995
1754 1755 1995 1996
1755 1756 1996 1997
1756 1757 1997 1998
1757 1758 1998 1999
1758 1759 1999 2000
1759 1760 2000 2001
1760 1761 2001 2002
1761 1762 2002 2003
1762 1763 2003 2004
1763 1764 2004 2005
1764 1765 2005 2006
1765 1766 2006 2007
1766 1767 2007 2008
1767 1768 2008 2009
1768 1769 2009 2010
1769 1770 2010 2011
1770 1771 2011 2012
1771 1772 2012 2013
1772 1773 2013 2014
1773 1774 2014 2015
1774 1775 2015 2016
1775 1776 2016 2017
1776 1777 2017 2018
1777 1778 2018 2019
1778 1779 2019 2020
1779 1780 2020 2021
1780 1781 2021 2022
1781 1782 2022 2023
1782 1783 2023 2024
1783 1784 2024 2025
1784 1785 2025 2026
1785 1786 2026 2027
1786 1787 2027 2028
1787 1788 2028 2029
1788 1789 2029 2030
1789 1790 2030 2031
1790 1791 2031 2032
1791 1792 2032 2033
1792 1793 2033 2034
1793 1794 2034 2035
1794 1795 2035 2036
1795 1796 2036 2037
1796 1797 2037 2038
1797 1798 2038 2039
1798 1799 2039 2040
1799 1800 2040 2041
1800 1801 2041 2042
1801 1802 2042 2043
1802 1803 2043 2044
1803 1804 2044 2045
1804 1805 2045 2046
1805 1806 2046 2047
1806 1807 2047 2048
1807 1808 2048 2049
1808 1809 2049 2050
1809 1810 2050 2051
1810 1811 2051 2052
1811 1812 2052 2053
1812 1813 2053 2054
1813 1814 2054 2055
1814 1815 2055 2056
1815 1816 2056 2057
1816 1817 2057 2058
1817 1818 2058 2059
1818 1819 2059 2060
1819 1820 2060 2061
1820 1821 2061 2062
1821 1822 2062 2063
1822 1823 2063 2064
1823 1824 2064 2065
1824 1825 2065 2066
1825 1826 2066 2067
1826 1827 2067 2068
1827 1828 2068 2069
1828 1829 2069 2070
1829 1830 2070 2071
1830 1831 2071 2072
1831 1832 2072 2073
1832 1833 2073 2074
1833 1834 2074 2075
1834 1835 2075 2076
1835 1836 2076 2077
1836 1837 2077 2078
1837 1838 2078 2079
1838 1839 2079 2080
1839 1840 2080 2081
1840 1841 2081 2082
1841 1842 2082 2083
1842 1843 2083 2084
1843 1844 2084 2085
1844 1845 2085 2086
1845 1846 2086 2087
1846 1847 2087 2088
1847 1848 2088 2089
1848 1849 2089 2090
1849 1850 2090 2091
1850 1851 2091 2092
1851 1852 2092 2093
1852 1853 2093 2094
1853 1854 2094 2095
1854 1855 2095 2096
1855 1856 2096 2097
1856 1857 2097 2098
1857 1858 2098 2099
1858 1859 2099 2100
1859 1860 2100 2101
1860 1861 2101 2102
1861 1862 2102 2103
1862 1863 2103 2104
1863 1864 2104 2105
1864 1865 2105 2106
1865 1866 2106 2107
1866 1867 2107 2108
1867 1868 2108 2109
1868 1869 2109 2110
1869 1870 2110 2111
1870 1871 2111 2112
1871 1872 2112 2113
1872 1873 2113 2114
1873 1874 2114 2115
1874 1875 2115 2116
1875 1876 2116 2117
1876 1877 2117 2118
1877 1878 2118 2119
1878 1879 2119 2120
1879 1880 2120 2121
1880 1881 2121 2122
1881 1882 2122 2123
1882 1883 2123 2124
1883 1884 2124 2125
1884 1885 2125 2126
1885 1886 2126 2127
1886 1887 2127 2128
1887 1888 2128 2129
1888 1889 2129 2130
1889 1890 2130 2131
1890 1891 2131 2132
1891 1892 2132 2133
1892 1893 2133 2134
1893 1894 2134 2135
1894 1895 2135 2136
1895 1896 2136 2137
1896 1897 2137 2138
1897 1898 2138 2139
1898 1899 2139 2140
1899 1900 2140 2141
1900 1901 2141 2142
1901 1902 2142 2143
1902 1903 2143 2144
1903 1904 2144 2145
1904 1905 2145 2146
1905 1906 2146 2147
1906 1907 2147 2148
1907 1908 2148 2149
1908 1909 2149 2150
1909 1910 2150 2151
1910 1911 2151 2152
1911 1912 2152 2153
1912 1913 2153 2154
1913 1914 2154 2155
1914 1915 2155 2156
1915 1916 2156 2157
1916 1917 2157 2158
1917 1918 2158 2159
1918 1919 2159 2160
1919 1920 2160 2161
1920 1921 2161 2162
1921 1922 2162 2163
1922 1923 2163 2164
1923 1924 2164 2165
1924 1925 2165 2166
1925 1926 2166 2167
1926 1927 2167 2168
