487
0 46.05170185988092
1928 46.05170185988092
1 45.5638002181866
1929 45.5638002181866
2 45.09860006183767
1930 45.09860006183767
3 44.654082436129336
1931 44.654082436129336
4 44.22848629194137
1932 44.22848629194137
5 43.820266346738826
1933 43.820266346738826
6 43.42805921520601
1934 43.42805921520601
7 43.05065593537754
1935 43.05065593537754
8 42.686979493668794
1936 42.686979493668794
9 42.336066295556094
1937 42.336066295556094
10 41.99705077879928
1938 41.99705077879928
11 41.669152550569365
1939 41.669152550569365
12 41.35166556742357
1940 41.35166556742357
13 41.04394898075603
1941 41.04394898075603
14 40.745419349259215
1942 40.745419349259215
15 40.4555439805267
1943 40.4555439805267
16 40.17383521085973
1944 40.17383521085973
17 39.89984546897858
1945 39.89984546897858
18 39.633162998156976
1946 39.633162998156976
19 39.37340813412437
1947 39.37340813412437
20 39.12023005428147
1948 39.12023005428147
21 38.63232841258715
1949 38.63232841258715
22 38.16712825623822
1950 38.16712825623822
23 37.722610630529886
1951 37.722610630529886
24 37.29701448634192
1952 37.29701448634192
25 36.88879454113937
1953 36.88879454113937
26 36.49658740960656
1954 36.49658740960656
27 36.11918412977809
1955 36.11918412977809
28 35.75550768806934
1956 35.75550768806934
29 35.40459448995664
1957 35.40459448995664
30 35.06557897319982
1958 35.06557897319982
31 34.737680744969914
1959 34.737680744969914
32 34.42019376182411
1960 34.42019376182411
33 34.11247717515658
1961 34.11247717515658
34 33.813947543659765
1962 33.813947543659765
35 33.52407217492724
1963 33.52407217492724
36 33.24236340526028
1964 33.24236340526028
37 32.96837366337913
1965 32.96837366337913
38 32.70169119255752
1966 32.70169119255752
39 32.44193632852492
1967 32.44193632852492
40 32.188758248682014
1968 32.188758248682014
41 31.9418321227783
1969 31.9418321227783
42 31.700856606987692
1970 31.700856606987692
43 31.465551632885756
1971 31.465551632885756
44 31.235656450638764
1972 31.235656450638764
45 31.01092789211818
1973 31.01092789211818
46 30.791138824930428
1974 30.791138824930428
47 30.576076772720793
1975 30.576076772720793
48 30.365542680742468
1976 30.365542680742468
49 30.159349808715113
1977 30.159349808715113
50 29.95732273553992
1978 29.95732273553992
51 29.00422093749667
1979 29.00422093749667
52 28.134107167600373
1980 28.134107167600373
53 27.33368009086501
1981 27.33368009086501
54 26.59260036932779
1982 26.59260036932779
55 25.902671654458274
1983 25.902671654458274
56 25.257286443082563
1984 25.257286443082563
57 24.651040224918212
1985 24.651040224918212
58 24.079456086518725
1986 24.079456086518725
59 23.53878387381597
1987 23.53878387381597
60 23.02585092994046
1988 23.02585092994046
61 22.537949288246146
1989 22.537949288246146
62 22.072749131897215
1990 22.072749131897215
63 21.62823150618888
1991 21.62823150618888
64 21.20263536200092
1992 21.20263536200092
65 20.794415416798365
1993 20.794415416798365
66 20.402208285265555
1994 20.402208285265555
67 20.024805005437084
1995 20.024805005437084
68 19.661128563728337
1996 19.661128563728337
69 19.310215365615633
1997 19.310215365615633
70 18.97119984885882
1998 18.97119984885882
71 18.64330162062891
1999 18.64330162062891
72 18.32581463748311
2000 18.32581463748311
73 18.018098050815574
2001 18.018098050815574
74 17.71956841931876
2002 17.71956841931876
75 17.429693050586238
2003 17.429693050586238
76 17.147984280919275
2004 17.147984280919275
77 16.873994539038133
2005 16.873994539038133
78 16.60731206821652
2006 16.60731206821652
79 16.347557204183914
2007 16.347557204183914
80 16.094379124341014
2008 16.094379124341014
81 15.847452998437298
2009 15.847452998437298
82 15.606477482646692
2010 15.606477482646692
83 15.371172508544753
2011 15.371172508544753
84 15.141277326297761
2012 15.141277326297761
85 14.91654876777718
2013 14.91654876777718
86 14.696759700589425
2014 14.696759700589425
87 14.481697648379786
2015 14.481697648379786
88 14.271163556401465
2016 14.271163556401465
89 14.064970684374106
2017 14.064970684374106
90 13.862943611198915
2018 13.862943611198915
91 13.664917338237117
2019 13.664917338237117
92 13.470736479666101
2020 13.470736479666101
93 13.280254529959159
2021 13.280254529959159
94 13.09333319983763
2022 13.09333319983763
95 12.909841813155666
2023 12.909841813155666
96 12.729656758128883
2024 12.729656758128883
97 12.552660987134871
2025 12.552660987134871
98 12.378743560016183
2026 12.378743560016183
99 12.207799226423177
2027 12.207799226423177
100 12.039728043259366
2028 12.039728043259366
101 11.87443502374726
2029 11.87443502374726
102 11.71182981502946
2030 11.71182981502946
103 11.551826401565052
2031 11.551826401565052
104 11.394342831883655
2032 11.394342831883655
105 11.239300966524006
2033 11.239300966524006
106 11.086626245216117
2034 11.086626245216117
107 10.936247471570717
2035 10.936247471570717
108 10.788096613719304
2036 10.788096613719304
109 10.64210861950778
2037 10.64210861950778
110 10.498221244986787
2038 10.498221244986787
111 10.35637489506722
2039 10.35637489506722
112 10.216512475319824
2040 10.216512475319824
113 10.078579253996459
2041 10.078579253996459
114 9.942522733438679
2042 9.942522733438679
115 9.80829253011727
2043 9.80829253011727
116 9.675840262617065
2044 9.675840262617065
117 9.54511944694353
2045 9.54511944694353
118 9.416085398584457
2046 9.416085398584457
119 9.288695140810162
2047 9.288695140810162
120 9.16290731874156
2048 9.16290731874156
121 9.038682118755986
2049 9.038682118755986
122 8.91598119283784
2050 8.91598119283784
123 8.7947675875144
2051 8.7947675875144
124 8.675005677047238
2052 8.675005677047238
125 8.556661100577209
2053 8.556661100577209
126 8.439700702945295
2054 8.439700702945295
127 8.324092478934539
2055 8.324092478934539
128 8.20980552069831
2056 8.20980552069831
129 8.096809968158972
2057 8.096809968158972
130 7.985076962177729
2058 7.985076962177729
131 7.874578600311871
2059 7.874578600311871
132 7.765287894989967
2060 7.765287894989967
133 7.657178733947816
2061 7.657178733947816
134 7.5502258427803355
2062 7.5502258427803355
135 7.44440474947497
2063 7.44440474947497
136 7.339691750802011
2064 7.339691750802011
137 7.236063880446551
2065 7.236063880446551
138 7.13349887877466
2066 7.13349887877466
139 7.031975164134472
2067 7.031975164134472
140 6.931471805599465
2068 6.931471805599465
141 6.831968497067777
2069 6.831968497067777
142 6.733445532637667
2070 6.733445532637667
143 6.635883783184013
2071 6.635883783184013
144 6.539264674066644
2072 6.539264674066644
145 6.443570163905143
2073 6.443570163905143
146 6.348782724359701
2074 6.348782724359701
147 6.254885320861312
2075 6.254885320861312
148 6.161861394238173
2076 6.161861394238173
149 6.069694843188934
2077 6.069694843188934
150 5.978370007556208
2078 5.978370007556208
151 5.887871652357035
2079 5.887871652357035
152 5.798184952529425
2080 5.798184952529425
153 5.709295478356964
2081 5.709295478356964
154 5.621189181535421
2082 5.621189181535421
155 5.533852381847872
2083 5.533852381847872
156 5.447271754416732
2084 5.447271754416732
157 5.3614343175028125
2085 5.3614343175028125
158 5.276327420823726
2086 5.276327420823726
159 5.191938734365081
2087 5.191938734365081
160 5.108256237659916
2088 5.108256237659916
161 5.025268209512959
2089 5.025268209512959
162 4.94296321814781
2090 4.94296321814781
163 4.861330111756196
2091 4.861330111756196
164 4.780358009430003
2092 4.780358009430003
165 4.700036292457362
2093 4.700036292457362
166 4.620354595965594
2094 4.620354595965594
167 4.541302800894464
2095 4.541302800894464
168 4.462871026284205
2096 4.462871026284205
169 4.385049621863658
2097 4.385049621863658
170 4.307829160924555
2098 4.307829160924555
171 4.231200433468857
2099 4.231200433468857
172 4.155154439616666
2100 4.155154439616666
173 4.079682383262835
2101 4.079682383262835
174 4.004775665971266
2102 4.004775665971266
175 3.9304258810960775
2103 3.9304258810960775
176 3.8566248081198538
2104 3.8566248081198538
177 3.783364407199123
2105 3.783364407199123
178 3.710636813908323
2106 3.710636813908323
179 3.6384343341734606
2107 3.6384343341734606
180 3.56674943938733
2108 3.56674943938733
181 3.495574761698691
2109 3.495574761698691
182 3.424903089467769
2110 3.424903089467769
183 3.354727362881306
2111 3.354727362881306
184 3.2850406697203667
2112 3.2850406697203667
185 3.21583624127463
2113 3.21583624127463
186 3.1471074483970085
2114 3.1471074483970085
187 3.0788477976930153
2115 3.0788477976930153
188 3.0110509278392215
2116 3.0110509278392215
189 2.943710606025782
2117 2.943710606025782
190 2.8768207245178203
2118 2.8768207245178203
191 2.8103752973311344
2119 2.8103752973311344
192 2.7443684570176146
2120 2.7443684570176146
193 2.6787944515560227
2121 2.6787944515560227
194 2.6136476413440803
2122 2.6136476413440803
195 2.548922496287908
2123 2.548922496287908
196 2.4846135929850064
2124 2.4846135929850064
197 2.420715611997288
2125 2.420715611997288
198 2.357223335210705
2126 2.357223335210705
199 2.294131643278064
2127 2.294131643278064
200 2.2314355131421095
2128 2.2314355131421095
201 2.1691300156357443
2129 2.1691300156357443
202 2.1072103131565285
2130 2.1072103131565285
203 2.045671657412754
2131 2.045671657412754
204 1.9845093872383899
2132 1.9845093872383899
205 1.9237189264745709
2133 1.9237189264745709
206 1.8632957819149425
2134 1.8632957819149425
207 1.803235541312823
2135 1.803235541312823
208 1.743533871447788
2136 1.743533871447788
209 1.684186516249639
2137 1.684186516249639
210 1.6251892949777584
2138 1.6251892949777584
211 1.5665381004537693
2139 1.5665381004537693
212 1.5082288973458446
2140 1.5082288973458446
213 1.4502577205025844
2141 1.4502577205025844
214 1.392620673335088
2142 1.392620673335088
215 1.3353139262452345
2143 1.3353139262452345
216 1.278333715098853
2144 1.278333715098853
217 1.2216763397420891
2145 1.2216763397420891
218 1.1653381625595216
2146 1.1653381625595216
219 1.1093156070728298
2147 1.1093156070728298
220 1.0536051565782714
2148 1.0536051565782714
221 0.9982033528221166
2149 0.9982033528221166
222 0.9431067947124205
2150 0.9431067947124205
223 0.8883121370661655
2151 0.8883121370661655
224 0.8338160893905169
2152 0.8338160893905169
225 0.779615414697119
2153 0.779615414697119
226 0.7257069283483588
2154 0.7257069283483588
227 0.672087496934509
2155 0.672087496934509
228 0.6187540371808851
2156 0.6187540371808851
229 0.5657035148839498
2157 0.5657035148839498
230 0.5129329438755121
2158 0.5129329438755121
231 0.46043938501407666
2159 0.46043938501407666
232 0.40821994520256055
2160 0.40821994520256055
233 0.35627177746778216
2161 0.35627177746778216
234 0.30459207587801984
2162 0.30459207587801984
235 0.2531780808685511
2163 0.2531780808685511
236 0.2020270741956125
2164 0.2020270741956125
237 0.15113637911571232
2165 0.15113637911571232
238 0.10050335954512235
2166 0.10050335954512235
239 0.05012541924047298
2167 0.05012541924047298
240 1.0000036354540498e-09
2168 1.0000036354540498e-09
240 1.0000036354540498e-09
481 1.0000036354540498e-09
722 1.0000036354540498e-09
963 1.0000036354540498e-09
1204 1.0000036354540498e-09
1445 1.0000036354540498e-09
1686 1.0000036354540498e-09
