Численное решение:
  6.97149770457596
   6.17149770457596
   5.60006913314738
   5.15562468870293
   4.79198832506659
   4.48429601737427
   4.21762935070761
   3.98233523306056
   3.77180891727108
   3.58133272679488
   3.40741968331662
   3.24741968331663
   3.09927153516847
   2.96134050068572
   2.83230824262121
   2.71109612140908
   2.59681040712338
   2.48870229901526
   2.38613819645116
   2.28857722084141
   2.19555396502745
   2.10666507613856
   2.02155869315983
   1.93992604009862
   1.86149466754960
   1.78602296943639
   1.71329569670912
   1.64312025811263
   1.57532364794313
   1.50974987745133
   1.44625781395927
   1.38471935242081
   1.32501785988349
   1.26704684539074
   1.21070881722173
   1.15591429667378
   1.10258096334045
   1.05063291139241
   1.00000000000000
Аналитическое:
   6.99146454710798
   6.18053433089165
   5.60517018598809
   5.15888308335967
   4.79423996977176
   4.48593861011725
   4.21887582486820
   3.98330975355543
   3.77258872223978
   3.58196836263113
   3.40794560865187
   3.24786019330480
   3.09964424899736
   2.96165850602345
   2.83258146374831
   2.71133222011544
   2.59701539243554
   2.48888094989499
   2.38629436111989
   2.28871403278103
   2.19567400151124
   2.10677047636957
   2.02165124753198
   1.94000725849147
   1.86156583218491
   1.78608517621921
   1.71334988787747
   1.64316724825493
   1.57536414490356
   1.50978449925758
   1.44628710262842
   1.38474378529491
   1.32503785899555
   1.26706278524905
   1.21072103131565
   1.15592308293942
   1.10258658877510
   1.05063561596858
   1.00000000000000

Погрешность:
	0.0230059756918463